1 0.340428
2 0.534466
3 0.602804
4 0.334261
5 0.360987
6 0.253505
7 0.287087
8 0.363213
9 0.328897
10 0.474447
11 0.598842
12 0.268398
13 0.343283
14 0.355580
15 0.394347
16 0.293968
17 0.419220
18 0.548922
19 0.636739
20 0.768398
21 0.853536
22 0.425531
23 0.876667
24 0.533519
25 0.672004
26 1.168978
27 1.232481
28 1.282962
29 1.383179
30 2.889617
31 2.250973
32 2.925044
33 3.676004
34 2.700890
35 3.322910
36 4.172294
37 3.521101
38 2.602273
39 3.133836
40 3.189165
41 3.560819
42 3.931707
43 4.280547
44 4.061150
45 3.428733
46 3.849032
47 4.973691
48 4.837144
49 5.225994
50 3.825704
51 3.440418
52 3.230982
53 3.971290
54 2.758289
55 1.999897
56 2.379545
57 2.010005
58 2.932821
59 3.069106
60 3.070163
61 3.020837
62 3.143701
63 3.669331
64 4.274353
65 3.231191
66 3.632480
67 3.151595
68 2.023991
69 1.977159
70 2.086235
71 2.096896
72 2.282098
73 2.434569
74 3.252136
75 5.057608
76 4.856736
77 4.765959
78 3.785753
79 4.901693
80 5.410714
81 3.671836
82 3.659664
83 3.664565
84 3.518690
85 4.099381
86 3.794259
87 3.988499
88 3.988499
89 4.057725
90 3.545614
91 3.609939
92 4.141356
93 3.362171
94 3.418243
95 3.536158
96 4.067839
97 4.016329
98 3.942509
99 3.678785
100 3.948314
